0.000000000000000000e+00
1.000000000000000021e-02
2.000000000000000042e-02
2.999999999999999889e-02
4.000000000000000083e-02
5.000000000000000278e-02
5.999999999999999778e-02
7.000000000000000666e-02
8.000000000000000167e-02
8.999999999999999667e-02
1.000000000000000056e-01
1.100000000000000006e-01
1.199999999999999956e-01
1.300000000000000044e-01
1.400000000000000133e-01
1.499999999999999944e-01
1.600000000000000033e-01
1.700000000000000122e-01
1.799999999999999933e-01
1.900000000000000022e-01
2.000000000000000111e-01
2.099999999999999922e-01
2.200000000000000011e-01
2.300000000000000100e-01
2.399999999999999911e-01
2.500000000000000000e-01
2.600000000000000089e-01
2.700000000000000178e-01
2.800000000000000266e-01
2.899999999999999800e-01
2.999999999999999889e-01
3.099999999999999978e-01
3.200000000000000067e-01
3.300000000000000155e-01
3.400000000000000244e-01
3.500000000000000333e-01
3.599999999999999867e-01
3.699999999999999956e-01
3.800000000000000044e-01
3.900000000000000133e-01
4.000000000000000222e-01
4.100000000000000311e-01
4.199999999999999845e-01
4.299999999999999933e-01
4.400000000000000022e-01
4.500000000000000111e-01
4.600000000000000200e-01
4.700000000000000289e-01
4.799999999999999822e-01
4.899999999999999911e-01
5.000000000000000000e-01
5.100000000000000089e-01
5.200000000000000178e-01
5.300000000000000266e-01
5.400000000000000355e-01
5.500000000000000444e-01
5.600000000000000533e-01
5.700000000000000622e-01
5.799999999999999600e-01
5.899999999999999689e-01
5.999999999999999778e-01
6.099999999999999867e-01
6.199999999999999956e-01
6.300000000000000044e-01
6.400000000000000133e-01
6.500000000000000222e-01
6.600000000000000311e-01
6.700000000000000400e-01
6.800000000000000488e-01
6.900000000000000577e-01
7.000000000000000666e-01
7.099999999999999645e-01
7.199999999999999734e-01
7.299999999999999822e-01
7.399999999999999911e-01
7.500000000000000000e-01
7.600000000000000089e-01
7.700000000000000178e-01
7.800000000000000266e-01
7.900000000000000355e-01
8.000000000000000444e-01
8.020000000000000462e-01
8.040000000000000480e-01
8.060000000000000497e-01
8.080000000000000515e-01
8.100000000000000533e-01
8.120000000000000551e-01
8.140000000000000568e-01
8.160000000000000586e-01
8.180000000000000604e-01
8.200000000000000622e-01
8.220000000000000639e-01
8.240000000000000657e-01
8.260000000000000675e-01
8.280000000000000693e-01
8.300000000000000711e-01
8.320000000000000728e-01
8.340000000000000746e-01
8.360000000000000764e-01
8.380000000000000782e-01
8.400000000000000799e-01
8.420000000000000817e-01
8.440000000000000835e-01
8.460000000000000853e-01
8.480000000000000870e-01
8.500000000000000888e-01
8.520000000000000906e-01
8.540000000000000924e-01
8.560000000000000941e-01
8.580000000000000959e-01
8.600000000000000977e-01
8.620000000000000995e-01
8.640000000000001013e-01
8.660000000000001030e-01
8.680000000000001048e-01
8.700000000000001066e-01
8.720000000000001084e-01
8.740000000000001101e-01
8.760000000000001119e-01
8.780000000000001137e-01
8.800000000000001155e-01
8.820000000000001172e-01
8.840000000000001190e-01
8.860000000000001208e-01
8.880000000000001226e-01
8.900000000000001243e-01
8.920000000000001261e-01
8.940000000000001279e-01
8.960000000000001297e-01
8.980000000000001315e-01
9.000000000000001332e-01
9.020000000000001350e-01
9.040000000000001368e-01
9.060000000000001386e-01
9.080000000000001403e-01
9.100000000000001421e-01
9.120000000000001439e-01
9.140000000000001457e-01
9.160000000000001474e-01
9.180000000000001492e-01
9.200000000000001510e-01
9.220000000000001528e-01
9.240000000000001545e-01
9.260000000000001563e-01
9.280000000000001581e-01
9.300000000000001599e-01
9.320000000000001616e-01
9.340000000000001634e-01
9.360000000000001652e-01
9.380000000000001670e-01
9.400000000000001688e-01
9.420000000000001705e-01
9.440000000000001723e-01
9.460000000000001741e-01
9.480000000000001759e-01
9.500000000000001776e-01
9.520000000000001794e-01
9.540000000000001812e-01
9.560000000000001830e-01
9.580000000000001847e-01
9.600000000000001865e-01
9.620000000000001883e-01
9.640000000000001901e-01
9.660000000000001918e-01
9.680000000000001936e-01
9.700000000000001954e-01
9.720000000000001972e-01
9.740000000000001990e-01
9.760000000000002007e-01
9.780000000000002025e-01
9.800000000000002043e-01
9.820000000000002061e-01
9.840000000000002078e-01
9.860000000000002096e-01
9.880000000000002114e-01
9.900000000000002132e-01
9.920000000000002149e-01
9.940000000000002167e-01
9.960000000000002185e-01
9.980000000000002203e-01
1.000000000000000222e+00
1.002000000000000224e+00
1.004000000000000226e+00
1.006000000000000227e+00
1.008000000000000229e+00
1.010000000000000231e+00
1.012000000000000233e+00
1.014000000000000234e+00
1.016000000000000236e+00
1.018000000000000238e+00
1.020000000000000240e+00
1.022000000000000242e+00
1.024000000000000243e+00
1.026000000000000245e+00
1.028000000000000247e+00
1.030000000000000249e+00
1.032000000000000250e+00
1.034000000000000252e+00
1.036000000000000254e+00
1.038000000000000256e+00
1.040000000000000258e+00
1.042000000000000259e+00
1.044000000000000261e+00
1.046000000000000263e+00
1.048000000000000265e+00
1.050000000000000266e+00
1.052000000000000268e+00
1.054000000000000270e+00
1.056000000000000272e+00
1.058000000000000274e+00
1.060000000000000275e+00
1.062000000000000277e+00
1.064000000000000279e+00
1.066000000000000281e+00
1.068000000000000282e+00
1.070000000000000284e+00
1.072000000000000286e+00
1.074000000000000288e+00
1.076000000000000290e+00
1.078000000000000291e+00
1.080000000000000293e+00
1.082000000000000295e+00
1.084000000000000297e+00
1.086000000000000298e+00
1.088000000000000300e+00
1.090000000000000302e+00
1.092000000000000304e+00
1.094000000000000306e+00
1.096000000000000307e+00
1.098000000000000309e+00
1.100000000000000311e+00
1.102000000000000313e+00
1.104000000000000314e+00
1.106000000000000316e+00
1.108000000000000318e+00
1.110000000000000320e+00
1.112000000000000322e+00
1.114000000000000323e+00
1.116000000000000325e+00
1.118000000000000327e+00
1.120000000000000329e+00
1.122000000000000330e+00
1.124000000000000332e+00
1.126000000000000334e+00
1.128000000000000336e+00
1.130000000000000338e+00
1.132000000000000339e+00
1.134000000000000341e+00
1.136000000000000343e+00
1.138000000000000345e+00
1.140000000000000346e+00
1.142000000000000348e+00
1.144000000000000350e+00
1.146000000000000352e+00
1.148000000000000353e+00
1.150000000000000355e+00
1.152000000000000357e+00
1.154000000000000359e+00
1.156000000000000361e+00
1.158000000000000362e+00
1.160000000000000364e+00
1.162000000000000366e+00
1.164000000000000368e+00
1.166000000000000369e+00
1.168000000000000371e+00
1.170000000000000373e+00
1.172000000000000375e+00
1.174000000000000377e+00
1.176000000000000378e+00
1.178000000000000380e+00
1.180000000000000382e+00
1.182000000000000384e+00
1.184000000000000385e+00
1.186000000000000387e+00
1.188000000000000389e+00
1.190000000000000391e+00
1.192000000000000393e+00
1.194000000000000394e+00
1.196000000000000396e+00
1.198000000000000398e+00
1.200000000000000400e+00
